1 0.29791666666666666 0.287962962962963 0.03854166666666667 0.044444444444444446
1 0.40989583333333335 0.4041666666666667 0.03854166666666667 0.05648148148148149
1 0.8195312499999999 0.22824074074074074 0.049479166666666664 0.058333333333333334
5 0.9526041666666667 0.16111111111111112 0.06770833333333333 0.31666666666666665
6 0.9367187499999999 0.26296296296296295 0.033854166666666664 0.03888888888888889
6 0.9679687499999999 0.2925925925925926 0.033854166666666664 0.040740740740740744
5 0.9914062499999999 0.8773148148148149 0.01614583333333333 0.24351851851851852
0 0.6052083333333333 0.4981481481481482 0.7875 0.9962962962962963
6 0.9611979166666667 0.7560185185185185 0.025520833333333333 0.036111111111111115
5 0.9609375 0.8708333333333333 0.021875 0.23055555555555557
6 0.9598958333333333 0.9865740740740742 0.028125 0.025
5 0.9338541666666667 0.12731481481481483 0.026041666666666668 0.24537037037037038
