5 0.31744791666666666 0.47361111111111115 0.21510416666666665 0.09722222222222222
5 0.30442708333333335 0.9666666666666667 0.20677083333333332 0.06481481481481481
5 0.7114583333333333 0.8740740740740741 0.14375 0.25
5 0.7528645833333333 0.3768518518518519 0.1796875 0.3462962962962963
0 0.7104166666666667 0.49953703703703706 0.54375 0.9990740740740741
5 0.3653645833333333 0.014814814814814815 0.12552083333333333 0.02962962962962963
5 0.30755208333333334 0.5347222222222222 0.2171875 0.10277777777777779
5 0.30625 0.9314814814814815 0.2 0.0962962962962963
5 0.7450520833333333 0.8541666666666667 0.1703125 0.2898148148148148
5 0.7841145833333333 0.32916666666666666 0.1859375 0.33796296296296297
5 0.5721354166666667 0.7643518518518518 0.021354166666666667 0.08240740740740742
