5 0.46510416666666665 0.46342592592592596 0.053125 0.28611111111111115
6 0.4518229166666667 0.34351851851851856 0.030729166666666665 0.040740740740740744
6 0.47239583333333335 0.5814814814814815 0.03333333333333333 0.0462962962962963
1 0.3286458333333333 0.5212962962962964 0.04895833333333333 0.04814814814814815
1 0.33932291666666664 0.5787037037037037 0.044270833333333336 0.0462962962962963
1 0.6322916666666667 0.763888888888889 0.05625 0.061111111111111116
1 0.6338541666666666 0.8152777777777778 0.05520833333333333 0.058333333333333334
5 0.9760416666666667 0.4930555555555556 0.03333333333333333 0.23611111111111113
6 0.9625 0.049074074074074076 0.03229166666666666 0.04259259259259259
0 0.6924479166666666 0.5 0.6140625 0.9888888888888889
6 0.9760416666666667 0.5861111111111111 0.03125 0.040740740740740744
6 0.9729166666666667 0.3962962962962963 0.021875 0.03518518518518519
5 0.96171875 0.019444444444444445 0.0203125 0.03888888888888889
