5 0.3442708333333333 0.2189814814814815 0.035416666666666666 0.25833333333333336
1 0.16458333333333333 0.4134259259259259 0.07083333333333333 0.04351851851851852
1 0.16953125 0.4708333333333333 0.06927083333333334 0.03981481481481482
6 0.334375 0.0912037037037037 0.03333333333333333 0.05277777777777778
6 0.38359375 0.09444444444444444 0.0359375 0.05740740740740741
6 0.35442708333333334 0.35370370370370374 0.04114583333333333 0.05925925925925926
6 0.4015625 0.35555555555555557 0.03958333333333333 0.05740740740740741
1 0.6049479166666667 0.4638888888888889 0.06927083333333334 0.04814814814814815
1 0.78828125 0.5717592592592593 0.07135416666666666 0.05648148148148149
1 0.7875 0.5166666666666667 0.07291666666666667 0.05555555555555556
1 0.7013020833333333 0.16666666666666669 0.05260416666666667 0.03888888888888889
1 0.8338541666666667 0.20601851851851852 0.05625 0.04351851851851852
1 0.8325520833333333 0.2513888888888889 0.0515625 0.03796296296296296
1 0.6955729166666667 0.21203703703703705 0.057812499999999996 0.04259259259259259
5 0.3755208333333333 0.9282407407407408 0.022916666666666665 0.14166666666666666
6 0.37395833333333334 0.8574074074074074 0.029166666666666667 0.044444444444444446
6 0.41770833333333335 0.8615740740740742 0.029166666666666667 0.04722222222222222
0 0.4828125 0.49953703703703706 0.403125 0.9990740740740741
5 0.3932291666666667 0.2240740740740741 0.034375 0.26296296296296295
5 0.42135416666666664 0.9277777777777778 0.02395833333333333 0.1425925925925926
5 0.46875 0.09212962962962963 0.021875 0.11574074074074074
5 0.4484375 0.14444444444444446 0.03333333333333333 0.0462962962962963
